2.813659937348707984e+01
2.980243318090414917e+01
3.025293640409014984e+01
3.106676470571191118e+01
3.157341418797690835e+01
3.182831110293862054e+01
3.197116216497270358e+01
3.205811736532255196e+01
3.212042633361609489e+01
3.216978215587946721e+01
3.220179911363150893e+01
3.223121035745199237e+01
3.225664363024377934e+01
3.227751109020070430e+01
3.229532566682489403e+01
3.230727444475486720e+01
3.232028998993426683e+01
3.233079615319780231e+01
3.234213039449877414e+01
3.235034361330426123e+01
3.236070406720627801e+01
3.236853922450674048e+01
3.237336243502434030e+01
3.238161971235119552e+01
3.238382183877989462e+01
3.238950628818269450e+01
3.239388488254758869e+01
3.239784098733203876e+01
3.240245352111094235e+01
3.240754039338921899e+01
3.241329285894317280e+01
3.241472840715780279e+01
3.241788228778590053e+01
3.241765683647751928e+01
3.242170300447663323e+01
3.242314861330328313e+01
3.242670976881929334e+01
3.242922987260801904e+01
3.242833813064203952e+01
3.243467892102895433e+01
3.243587924828540991e+01
3.243965954951640640e+01
3.243802146079502791e+01
3.244168583321099675e+01
3.244047103648710362e+01
3.244458890271478424e+01
3.244345450852839008e+01
3.244510109132416176e+01
3.244786840633402392e+01
3.244809748153804918e+01
3.244722467949414835e+01
