2.813659937348707984e+01
2.980243318090414917e+01
3.030841201023239861e+01
3.116720626749461331e+01
3.171786688693373435e+01
3.201812580540751441e+01
3.218819321900797803e+01
3.229781753956885382e+01
3.237663717775524219e+01
3.243621615758931398e+01
3.248416891325148015e+01
3.252465363219586436e+01
3.255807085456066119e+01
3.258711582998044776e+01
3.261149704312752817e+01
3.263356342127148935e+01
3.265342856688987183e+01
3.267170283980270540e+01
3.268764774631001302e+01
3.270175287699671429e+01
3.271511370900481097e+01
3.272660419029693912e+01
3.273662408290128667e+01
3.274642973254020006e+01
3.275556639606686105e+01
3.276375036104260374e+01
3.277210620214757597e+01
3.277952068930839857e+01
3.278650675815686810e+01
3.279258557523022688e+01
3.279858627166159124e+01
3.280425900489156277e+01
3.280949653026411283e+01
3.281447569200518899e+01
3.281880571040167638e+01
3.282320030100074604e+01
3.282743335972728715e+01
3.283144252750603442e+01
3.283536213503909096e+01
3.283883224515167853e+01
3.284231396601315112e+01
3.284543604055681953e+01
3.284844204623624364e+01
3.285112541578687484e+01
3.285367746101339037e+01
3.285626998343816041e+01
3.285864521716969477e+01
3.286092916788966534e+01
3.286321776590505550e+01
3.286556803555361483e+01
3.286779070265309599e+01
