7.095093166239665461e-01
7.821525452809396928e-01
8.239494707270507146e-01
8.521913736567243713e-01
8.694736714690092239e-01
8.788873799690763988e-01
8.839195369763466203e-01
8.868350668850671914e-01
8.887166871804546009e-01
8.899775173474104850e-01
8.908837599070471569e-01
8.915734052982106084e-01
8.921433763306604314e-01
8.925903035618552028e-01
8.929262697200723853e-01
8.932400532226413281e-01
8.934896190097797453e-01
8.937400902076660936e-01
8.939265872602112362e-01
8.941017247167352133e-01
8.942491425133340943e-01
8.943881429173942132e-01
8.945161942072215044e-01
8.946251774601867712e-01
8.947165232889107145e-01
8.947940213086159611e-01
8.948949786040577559e-01
8.949789119362552281e-01
8.950478515559489034e-01
8.951193752048156593e-01
8.951730683539832478e-01
8.952256476179316635e-01
8.952743435315515530e-01
8.953178580378976514e-01
8.953619743493405059e-01
8.954034679847465705e-01
8.954442922610587052e-01
8.954719559000363649e-01
8.955185621864718559e-01
8.955487111579166770e-01
8.955873410478124574e-01
8.956091355404348642e-01
8.956397299329044159e-01
8.956574864336172004e-01
8.956779747720711171e-01
8.956961767741121738e-01
8.957123347904815125e-01
8.957203753194077356e-01
8.957373362808496164e-01
8.957558944061684292e-01
8.957778630967447864e-01
