7.095093166239665461e-01
7.821525452809396928e-01
8.212625212231834393e-01
8.476054652522921895e-01
8.635962980433605773e-01
8.718451427089274341e-01
8.763295653918101724e-01
8.789102158331976167e-01
8.805571303795385329e-01
8.817919397962578065e-01
8.825026020957388306e-01
8.830829309898542423e-01
8.837652640288535810e-01
8.841921062989319680e-01
8.846138594555735812e-01
8.847762789756942192e-01
8.849862623504700654e-01
8.852712569870945236e-01
8.855689207442603017e-01
8.857190187967048933e-01
8.860078467039615990e-01
8.861435261160293120e-01
8.863341989670419085e-01
8.864456416166948127e-01
8.866010813687298375e-01
8.866169288357929057e-01
8.866867732887199205e-01
8.868017850746443553e-01
8.868777250558294023e-01
8.868968150202404255e-01
8.870810788455862905e-01
8.871108077357471311e-01
8.871004049668844704e-01
8.870754219213002889e-01
8.872236420262501477e-01
8.872408768144440794e-01
8.872744056993626671e-01
8.872667448030832071e-01
8.870906709552617286e-01
8.874260566975790132e-01
8.873430703413964782e-01
8.873662399183268601e-01
8.873333931162206145e-01
8.874705624227410272e-01
8.874932684055650833e-01
8.876769461090860958e-01
8.876353996688255421e-01
8.876410145240460903e-01
8.877025817736189373e-01
8.876973178282610011e-01
8.877220039813765728e-01
