2.810717380412384614e+01
2.582649474035203596e+01
2.525205878104338453e+01
2.536768767889837406e+01
2.544852659363019853e+01
2.550351611710564725e+01
2.555793318286188054e+01
2.561012212957155043e+01
2.565235424626424532e+01
2.567721020764768625e+01
2.571669625387493596e+01
2.573403274771619209e+01
2.576441665552600213e+01
2.580695863104599042e+01
2.582114943253701966e+01
2.585857971636942310e+01
2.586724538267220197e+01
2.587583776404479252e+01
2.589796310180595995e+01
2.590350346132201054e+01
2.592393328843251510e+01
2.594477130466858483e+01
2.595547192753065247e+01
2.597399447465967270e+01
2.597517064646190121e+01
2.599184346074895302e+01
2.599714447182865840e+01
2.600856774252906689e+01
2.601810112970279221e+01
2.602441921153396720e+01
2.603831240301825645e+01
2.603546445301532231e+01
2.604990731534574522e+01
2.606271373289843041e+01
2.606732650403334972e+01
2.608311072097419014e+01
2.606479758249496470e+01
2.610231018800563518e+01
2.610587911132546424e+01
2.611968927895732762e+01
2.610464768310959016e+01
2.609582203808062673e+01
2.607507755767368351e+01
2.609217630180545555e+01
2.609097092978779386e+01
2.610375876705233011e+01
2.610047740289500240e+01
2.611056439189000500e+01
2.611469727628988124e+01
2.610914464812027092e+01
2.609955244458936363e+01
2.810717380412384614e+01
2.762363145366972006e+01
2.824622578107320692e+01
2.888685072692625866e+01
2.932172678620194617e+01
2.964318841034758023e+01
2.989164780981233349e+01
3.009416039627582862e+01
3.025117803297343499e+01
3.036885240492882687e+01
3.049313404037697595e+01
3.055922431739602274e+01
3.064067657497077590e+01
3.071169643714143405e+01
3.073642176684029437e+01
3.077814659800303687e+01
3.081279613990429311e+01
3.082636337678097149e+01
3.085200089763036502e+01
3.085761098013547254e+01
3.088335693611712074e+01
3.089786856592749587e+01
3.090599850641011059e+01
3.091454947019139965e+01
3.092186184265104387e+01
3.093564971561994525e+01
3.092505168848569497e+01
3.092188806568520931e+01
3.095584108570870896e+01
3.096382591566115394e+01
3.096154742882544042e+01
3.094744748152358937e+01
3.095265660123778417e+01
3.094896928134618719e+01
3.095024634990591750e+01
3.096740592420512783e+01
3.095229204402719603e+01
3.098863832498395965e+01
3.097335028042970606e+01
3.096736385429363736e+01
3.097026097333167627e+01
3.096471745189394298e+01
3.095961251266576397e+01
3.097972500171704979e+01
3.097513850092588683e+01
3.097348868481936890e+01
3.095860852136390662e+01
3.097008658966338857e+01
3.097898801692926440e+01
3.097153047104088230e+01
3.095540163420644575e+01
2.810717380412384614e+01
2.849278551503429568e+01
2.923270409632635847e+01
3.014537767791988543e+01
3.068138452047189801e+01
3.101509737734841821e+01
3.123216706430024914e+01
3.138914510817910397e+01
3.148396966501035621e+01
3.155503255881947666e+01
3.162881803719479379e+01
3.164973566083421730e+01
3.169199790029781028e+01
3.171055641116614154e+01
3.171719039260312911e+01
3.172104203389266530e+01
3.173085467234560042e+01
3.172849412663747870e+01
3.173402616999553061e+01
3.172588661497097107e+01
3.174194866734485032e+01
3.173866605821612552e+01
3.173977053235930157e+01
3.174460856934517139e+01
3.174595463504848070e+01
3.174701107908558129e+01
3.173960318719463913e+01
3.173606512858031437e+01
3.175162391551929275e+01
3.175865780834184449e+01
3.175702665960334414e+01
3.174769761643441868e+01
3.173922621067145045e+01
3.174118629394234858e+01
3.174780649209692029e+01
3.175672860713588719e+01
3.174766300238113104e+01
3.176261334253072732e+01
3.175151931182018572e+01
3.174983279932516922e+01
3.175356995003998151e+01
3.175357068310222530e+01
3.174811991214406959e+01
3.176078977543234672e+01
3.174831913835734554e+01
3.175065759283456757e+01
3.173974377931417123e+01
3.174673993596969623e+01
3.174910129350065446e+01
3.174258022645781807e+01
3.174109143100943697e+01
2.810717380412384614e+01
2.991058513635199034e+01
3.038329513457157560e+01
3.139803511876890951e+01
3.180049840062140376e+01
3.196194121291278023e+01
3.202578372486838276e+01
3.207300894934326152e+01
3.209864827950895005e+01
3.212117612742934369e+01
3.214536572413075532e+01
3.215765997328806236e+01
3.216594514090795798e+01
3.217468561683152473e+01
3.218512045518819065e+01
3.219054310275779329e+01
3.219333657131269177e+01
3.219686382459441631e+01
3.220064442171292995e+01
3.220440734235817359e+01
3.220943526212968777e+01
3.220777934305718304e+01
3.221526681337299181e+01
3.221155568436905270e+01
3.221662506928724667e+01
3.221772504782138924e+01
3.221905416526503529e+01
3.221892907026654029e+01
3.221913345791806904e+01
3.222203453526313410e+01
3.222477152353307162e+01
3.222620530742027256e+01
3.222656265489421656e+01
3.222624017579070710e+01
3.223095889267931113e+01
3.222959200466979723e+01
3.222738997237321712e+01
3.223030301670983988e+01
3.222812720482765769e+01
3.223196392619924211e+01
3.223653924530897541e+01
3.223669328061736650e+01
3.223649923659608163e+01
3.224062917559772501e+01
3.223215036746944406e+01
3.223326149822666764e+01
3.223322780897642303e+01
3.222904494121203811e+01
3.222674916640855969e+01
3.222570607021462763e+01
3.222920384415054684e+01
2.810717380412384614e+01
2.976831195355713433e+01
3.023074435135557536e+01
3.104375682022322991e+01
3.155114995464289152e+01
3.181247107256672990e+01
3.194659837125863078e+01
3.203569607957545884e+01
3.209677237565559693e+01
3.214252387726968152e+01
3.218284924178819040e+01
3.221259460683819498e+01
3.223399856920303108e+01
3.225510037428699661e+01
3.227663905795245824e+01
3.229101592813422883e+01
3.230393839614127671e+01
3.231557948070501141e+01
3.232619664242722024e+01
3.233474970058726683e+01
3.234508004614807675e+01
3.234815120508454811e+01
3.235911578256364862e+01
3.236103713354636824e+01
3.236918403987585435e+01
3.237387537434945273e+01
3.237722276484943507e+01
3.238214919411933579e+01
3.238524255549627640e+01
3.238915414717106955e+01
3.239383092694875188e+01
3.239598817364392858e+01
3.239934480704700093e+01
3.240022615591179544e+01
3.240552749268875488e+01
3.240649251370554396e+01
3.240843518726256889e+01
3.241022397880918504e+01
3.241202879963917383e+01
3.241407578276131574e+01
3.241800205776007715e+01
3.241991154125361874e+01
3.242183165176211901e+01
3.242768722440197848e+01
3.242287571087832987e+01
3.242507402064912014e+01
3.242658195677830690e+01
3.242501320299115264e+01
3.242366184034921872e+01
3.242274473106808585e+01
3.242754721218004477e+01
