2.810717380412384614e+01
2.582649474035203596e+01
2.650418508646733784e+01
2.720983887883245345e+01
2.774109760091790733e+01
2.815970988975134404e+01
2.850299104276546203e+01
2.879684036317009799e+01
2.905280236221113910e+01
2.927929683138604133e+01
2.948202776615228871e+01
2.966669000026964298e+01
2.983661521939231420e+01
2.999208400795705032e+01
3.013641321542224816e+01
3.027161508363935738e+01
3.039626082577896682e+01
3.051432959722121296e+01
3.062518381499389619e+01
3.072945385701333976e+01
3.082795273721773555e+01
3.092065130959945662e+01
3.100879903515603431e+01
3.109256053068906311e+01
3.117151201832725249e+01
3.124665171542469011e+01
3.131805824911148051e+01
3.138638265620131662e+01
3.145180475312707102e+01
3.151277132869366326e+01
3.157105837305434193e+01
3.162658311140599565e+01
3.168050534925562900e+01
3.173111430322874682e+01
3.178025926651863031e+01
3.182723835645637678e+01
3.187221042710368835e+01
3.191491610341719110e+01
3.195539218482252863e+01
3.199450248084688653e+01
3.203195456480877112e+01
3.206749432118626686e+01
3.210165973392354033e+01
3.213395505295225973e+01
3.216534336905591829e+01
3.219570017062495992e+01
3.222485786204759250e+01
3.225203959582146496e+01
3.227804109238688568e+01
3.230328845376418201e+01
3.232696419713770553e+01
2.810717380412384614e+01
2.762363145366972006e+01
2.871190289867805134e+01
2.979551421478824835e+01
3.049017647130947850e+01
3.098246862476893426e+01
3.135328222507358120e+01
3.163978835285827174e+01
3.186939836128443204e+01
3.205445050580244271e+01
3.220534220297609806e+01
3.232720244143531829e+01
3.242716931741281172e+01
3.251066070335353686e+01
3.257892595081600717e+01
3.263544708346152134e+01
3.268190382666398364e+01
3.272074894166205894e+01
3.275344154139902031e+01
3.278083216167648573e+01
3.280358728674001156e+01
3.282243052000616501e+01
3.283906689709580462e+01
3.285270878482309342e+01
3.286357801921761990e+01
3.287354897188403413e+01
3.288183408048508483e+01
3.288908494825939499e+01
3.289527252448024797e+01
3.290017589489545458e+01
3.290444657971835341e+01
3.290853297459064208e+01
3.291179683000628842e+01
3.291446008741797868e+01
3.291701852793663363e+01
3.291921721694222924e+01
3.292117085369478957e+01
3.292260147939872184e+01
3.292407209804848378e+01
3.292536062478162506e+01
3.292642790541229658e+01
3.292732653083210437e+01
3.292808813166728044e+01
3.292870543227944324e+01
3.292940217766013689e+01
3.292990319328482940e+01
3.293057146504069266e+01
3.293088203873114139e+01
3.293111090251603912e+01
3.293127252959148876e+01
3.293152600827778542e+01
2.810717380412384614e+01
2.849278551503429568e+01
2.962721039345051466e+01
3.086126402373356470e+01
3.155620433810495840e+01
3.198023633865897608e+01
3.225518717251625134e+01
3.244264326797587472e+01
3.257349333012460590e+01
3.266447132009383836e+01
3.273019874142634933e+01
3.277909033643499015e+01
3.281455035553926081e+01
3.284013443963046797e+01
3.285983946395835886e+01
3.287454396861500072e+01
3.288535057843954235e+01
3.289437802152129109e+01
3.290078939992891094e+01
3.290594102730592851e+01
3.291013503361235593e+01
3.291320379790225559e+01
3.291554351694120584e+01
3.291766862955013551e+01
3.291977035799669693e+01
3.292116183816922614e+01
3.292246678982206021e+01
3.292337346484573146e+01
3.292432558731339753e+01
3.292525745665071923e+01
3.292586503654448649e+01
3.292659430724323499e+01
3.292724321719473579e+01
3.292754649063702743e+01
3.292807088715147756e+01
3.292858039590936414e+01
3.292897099901721703e+01
3.292934600241770227e+01
3.292960628442077109e+01
3.292979405027592321e+01
3.293001902330948383e+01
3.293038051367026497e+01
3.293061429267368823e+01
3.293086557991094310e+01
3.293108689631291952e+01
3.293130035710855452e+01
3.293146851540994646e+01
3.293151034838467694e+01
3.293166005401252505e+01
3.293185838652555475e+01
3.293211031213350282e+01
2.810717380412384614e+01
2.991058513635199034e+01
3.052169786263966600e+01
3.168371621681514938e+01
3.218546260370128920e+01
3.239959565501584393e+01
3.250880249172142555e+01
3.257675241284909617e+01
3.262480228338839083e+01
3.266183476304934175e+01
3.269166053265244187e+01
3.271462411683425842e+01
3.273453982722459443e+01
3.275116454197860349e+01
3.276586389286555345e+01
3.277903076087866907e+01
3.279036792447402604e+01
3.279963584201526317e+01
3.280804252547164879e+01
3.281578493773569960e+01
3.282295581207775115e+01
3.282904525341949409e+01
3.283515338907857029e+01
3.284073188173859137e+01
3.284578029297787083e+01
3.285028327111007229e+01
3.285430900109404462e+01
3.285804313875657101e+01
3.286204272110403934e+01
3.286553115033049011e+01
3.286816904579521292e+01
3.287046293651832940e+01
3.287287467697571941e+01
3.287531615073410762e+01
3.287750787039946943e+01
3.287968206723743947e+01
3.288194900534947607e+01
3.288419798630077651e+01
3.288569027363408992e+01
3.288707065573767352e+01
3.288831487447634316e+01
3.289005357012921849e+01
3.289141224227417126e+01
3.289284812629870203e+01
3.289415552686710953e+01
3.289575126979578101e+01
3.289674162080508779e+01
3.289821143088208544e+01
3.289945089862963812e+01
3.290025489413206827e+01
3.290140921192778478e+01
2.810717380412384614e+01
2.976831195355713433e+01
3.028195069743518530e+01
3.114417244674901752e+01
3.169783564256711017e+01
3.199835019782626588e+01
3.217047171927477223e+01
3.228173006314852955e+01
3.236089607977503846e+01
3.242154716449560681e+01
3.246916989350277305e+01
3.250858543703002113e+01
3.254218902490165988e+01
3.257101875989876305e+01
3.259633371900556398e+01
3.261801495366140813e+01
3.263780220622231099e+01
3.265574315902163249e+01
3.267157942527593661e+01
3.268567786140025788e+01
3.269837191419816236e+01
3.271042810096067655e+01
3.272144665335718372e+01
3.273078941642408068e+01
3.273988106987285818e+01
3.274792109951376062e+01
3.275571005958532567e+01
3.276307555391969828e+01
3.277039333021313894e+01
3.277686566156150150e+01
3.278288246931332139e+01
3.278821359872353725e+01
3.279333049712787584e+01
3.279799565240019632e+01
3.280236028045459307e+01
3.280648346542375293e+01
3.281042377286684797e+01
3.281449850737366347e+01
3.281819407406522515e+01
3.282139745550023946e+01
3.282448827123901935e+01
3.282799327322570804e+01
3.283106313955742195e+01
3.283412457019633734e+01
3.283711549382813644e+01
3.283985773586118029e+01
3.284257289229671528e+01
3.284469114899180653e+01
3.284719616355759797e+01
3.284972357995435743e+01
3.285182804654060362e+01
