7.098627165694529895e-01
5.958364504047860555e-01
6.191435561680114219e-01
6.322159980484345354e-01
6.379847183787532572e-01
6.409678962856550921e-01
6.416922895468609722e-01
6.424793188944427635e-01
6.441255469247459953e-01
6.438249006424674459e-01
6.444319870428503183e-01
6.431266372794487429e-01
6.429691268509226676e-01
6.446992801326123512e-01
6.440670760584156218e-01
6.454441888493225310e-01
6.447744199200903248e-01
6.430116340007151488e-01
6.436973209548184638e-01
6.429063525153030367e-01
6.436017485828677831e-01
6.437747509134099655e-01
6.432674657444812372e-01
6.428965955070063965e-01
6.422849940935395630e-01
6.427646927610595196e-01
6.417262351568776557e-01
6.411273129588364039e-01
6.409336274995026672e-01
6.412178064424771673e-01
6.412659395553002017e-01
6.411746610087383225e-01
6.413216185559676985e-01
6.413115395229008753e-01
6.403193335919745710e-01
6.401377746758318832e-01
6.385661391621966221e-01
6.402716005377776520e-01
6.402200844325427465e-01
6.408043269899297290e-01
6.402795936210253780e-01
6.396769059711102656e-01
6.383994265037284954e-01
6.396360032543262353e-01
6.387948468257923507e-01
6.402359092437059918e-01
6.403504577224503613e-01
6.398808119953155460e-01
6.399033113791702254e-01
6.400835852478958810e-01
6.400640509522784738e-01
7.098627165694529895e-01
7.624185855098961628e-01
7.952410048987991198e-01
8.161764525843662188e-01
8.262204798047783072e-01
8.319075865881222498e-01
8.343901759399503515e-01
8.365677063680567738e-01
8.383649711872575017e-01
8.395747490805967050e-01
8.417713622862234013e-01
8.409310351262646588e-01
8.424218137800414397e-01
8.436917851959699899e-01
8.428704751320331701e-01
8.434549631519437929e-01
8.440138839618673838e-01
8.434388845899484233e-01
8.442935568386247258e-01
8.438450208600171143e-01
8.447008644687133971e-01
8.447130195346961301e-01
8.441041941334750387e-01
8.441196309462712932e-01
8.446562927038078206e-01
8.450779662408406390e-01
8.441603586532651082e-01
8.434702764672014075e-01
8.448089461977772441e-01
8.451044193637761159e-01
8.450542911696062864e-01
8.447418963503501299e-01
8.447140262337974326e-01
8.445401077695194880e-01
8.441829821707541592e-01
8.448127564637551989e-01
8.445538759526198813e-01
8.460059121963731110e-01
8.451965565188187535e-01
8.453250221316231938e-01
8.451333644560650171e-01
8.447174453870532895e-01
8.447074712402473651e-01
8.461304470612948103e-01
8.449121189600259374e-01
8.450058677052713074e-01
8.451366012237654379e-01
8.446061766382078062e-01
8.450761721514684632e-01
8.452861073259632096e-01
8.449394959283609285e-01
7.098627165694529895e-01
8.129448469251455700e-01
8.291322702449948068e-01
8.496080159862117176e-01
8.587146674904297949e-01
8.632782895065089779e-01
8.654315197041345664e-01
8.672102331066759984e-01
8.680712212501131564e-01
8.689325358250185039e-01
8.708112856666840873e-01
8.701196336455992997e-01
8.713182418327074519e-01
8.714437983387665065e-01
8.712372271777683030e-01
8.713140376689875177e-01
8.715717510460969653e-01
8.712614387565619234e-01
8.711571274607547988e-01
8.709049450562835748e-01
8.718188693154054203e-01
8.713793053926728316e-01
8.711534609023562359e-01
8.715778562177749489e-01
8.716317306632650475e-01
8.714521282615106390e-01
8.711532169533174885e-01
8.708275392681150695e-01
8.713888056017802253e-01
8.717831936847474372e-01
8.718430583340840423e-01
8.716517041646170139e-01
8.711131977331753040e-01
8.712471292287797819e-01
8.714380667193062369e-01
8.718609786585089783e-01
8.716207701765146254e-01
8.721464915333726475e-01
8.716488225937262246e-01
8.719096213355189695e-01
8.716561467177301736e-01
8.714195711024685931e-01
8.714332021229618253e-01
8.723305064891355709e-01
8.712361769328490491e-01
8.712955649537240665e-01
8.713514866325228203e-01
8.711085635825861484e-01
8.712029330870523225e-01
8.713204009667927519e-01
8.714347331946713515e-01
7.098627165694529895e-01
8.134657416742333558e-01
8.444628184159290729e-01
8.650934498366618097e-01
8.730453908998703216e-01
8.765152501034638721e-01
8.778232485302884802e-01
8.789572345547224108e-01
8.797514314725635165e-01
8.802560744273767446e-01
8.809227473430347732e-01
8.812632261382395971e-01
8.815809058115300356e-01
8.817054095388832113e-01
8.820595549930196899e-01
8.822308750318231807e-01
8.822101769800910764e-01
8.823283820316232262e-01
8.822166925743971655e-01
8.825045903079391518e-01
8.826875894354833108e-01
8.825158464667548497e-01
8.828197149443818281e-01
8.827452996744959979e-01
8.828659457564611568e-01
8.827380399587717585e-01
8.828246433558184503e-01
8.828452903834685950e-01
8.826808441444249365e-01
8.828897228128150809e-01
8.829129774020110233e-01
8.829370170636142712e-01
8.830025909213382596e-01
8.830180957389327512e-01
8.831214325026376377e-01
8.830763137282759967e-01
8.829567777569108378e-01
8.829916206250892907e-01
8.829102100213891413e-01
8.831290332891448269e-01
8.831203225849714178e-01
8.832791824416619253e-01
8.831964393681845937e-01
8.833520069676538133e-01
8.830951133271401909e-01
8.831523743547352590e-01
8.831496901104436414e-01
8.828242108081323369e-01
8.828502366622850150e-01
8.829319087228292284e-01
8.830311153205195884e-01
7.098627165694529895e-01
7.820745611532080588e-01
8.214161318251843591e-01
8.480308476154793107e-01
8.639054352340196363e-01
8.723798708452514816e-01
8.765749534913499508e-01
8.791623091610458740e-01
8.808540250417383755e-01
8.819452085042870371e-01
8.828589173901008058e-01
8.836044465863818198e-01
8.841294186879536943e-01
8.845674889744195024e-01
8.850478720962356993e-01
8.853907201009354466e-01
8.855994115038396952e-01
8.858161685637746530e-01
8.859770511936033710e-01
8.862472351137627991e-01
8.864837956365436700e-01
8.864394492088247812e-01
8.867391334759980870e-01
8.867672964681496683e-01
8.869592531680385861e-01
8.869469147673987308e-01
8.870677646775305680e-01
8.871780718358126538e-01
8.870761472855999141e-01
8.872881697647565513e-01
8.873804494159285294e-01
8.873739178929047622e-01
8.875179410350808595e-01
8.875313309880530355e-01
8.876471383234317836e-01
8.876141732559992281e-01
8.876005589837847598e-01
8.876188787677440351e-01
8.876497873493786051e-01
8.877308770829843709e-01
8.877858878404509824e-01
8.878871064192456197e-01
8.878918082496560782e-01
8.880311189131033789e-01
8.879220573347710310e-01
8.879971079896048503e-01
8.879829852737394225e-01
8.878461107202852975e-01
8.878395243318024654e-01
8.878807060504657622e-01
8.879972101348079239e-01
