7.098627165694529895e-01
5.958364504047860555e-01
6.499376447380803556e-01
6.989425621998577309e-01
7.313356509090962465e-01
7.547053445998657129e-01
7.726649560057828880e-01
7.869461650758340365e-01
7.986674488253232562e-01
8.084598413361214764e-01
8.167476062782534907e-01
8.238500437741216320e-01
8.300405557797716494e-01
8.354059678565229907e-01
8.401797964300836696e-01
8.443958117299035226e-01
8.481499109380494783e-01
8.515474924792167943e-01
8.545956700671814010e-01
8.573536734254213476e-01
8.598604619366699842e-01
8.621478573468117634e-01
8.642610368459729964e-01
8.661957378316247347e-01
8.679838460224370555e-01
8.696169522955304876e-01
8.711281282862065600e-01
8.725330071224168815e-01
8.738414834754653082e-01
8.750573694570873418e-01
8.761819147349700909e-01
8.772455343275492590e-01
8.782650920130385952e-01
8.791770442764571536e-01
8.800572737994638572e-01
8.808728959955347548e-01
8.816508082410663416e-01
8.823643351481849084e-01
8.830376933209447277e-01
8.836771342685114661e-01
8.842841203260028982e-01
8.848513263927511030e-01
8.853884642746555622e-01
8.858815613046802095e-01
8.863717292613995102e-01
8.868325271417312194e-01
8.872690569650456549e-01
8.876754448360684169e-01
8.880557511619379119e-01
8.884154616401229720e-01
8.887562457408823002e-01
7.098627165694529895e-01
7.624185855098961628e-01
7.924788561703406398e-01
8.308936764328184177e-01
8.513188714935937540e-01
8.637291583686721452e-01
8.718481187074124117e-01
8.774898296855797586e-01
8.816063180389820397e-01
8.846525861512255506e-01
8.869837901902546395e-01
8.887829309795204358e-01
8.901863739069669768e-01
8.913085708706324217e-01
8.922146257669630875e-01
8.929265035567462983e-01
8.934909937621533516e-01
8.939764193160714134e-01
8.943572906238245190e-01
8.946769300474658460e-01
8.949447573524823563e-01
8.951650086982025911e-01
8.953465383753222984e-01
8.955036904488202776e-01
8.956262900878273481e-01
8.957474522769498515e-01
8.958470691973609012e-01
8.959334950465305258e-01
8.960108165241654765e-01
8.960724581815503464e-01
8.961280403056479660e-01
8.961755507448219138e-01
8.962196357425009641e-01
8.962536198205114379e-01
8.962836827659126371e-01
8.963136829510638393e-01
8.963395507641859217e-01
8.963573440312192497e-01
8.963764688507763756e-01
8.963913318504600491e-01
8.964047234142842324e-01
8.964191062903388296e-01
8.964307873200294541e-01
8.964409705264302364e-01
8.964504139946487538e-01
8.964582904271363173e-01
8.964669113476613216e-01
8.964732902787082569e-01
8.964801348418272031e-01
8.964830212202696824e-01
8.964875298859145136e-01
7.098627165694529895e-01
8.129448469251455700e-01
8.317473475870207356e-01
8.618593555216633728e-01
8.759993265759840053e-01
8.834522935351142303e-01
8.877675564709331946e-01
8.904827560457864166e-01
8.922460232746087794e-01
8.934071435689832086e-01
8.942018228426068527e-01
8.948067385629562276e-01
8.952114399682663537e-01
8.955194629439822140e-01
8.957405172114898395e-01
8.959106177412928806e-01
8.960309937822611426e-01
8.961375651062633008e-01
8.962057508944158979e-01
8.962619219627558920e-01
8.963042440688486767e-01
8.963421923215300069e-01
8.963694967165830585e-01
8.963940363942309864e-01
8.964195328875931290e-01
8.964436361869541070e-01
8.964526375326796748e-01
8.964633678735667299e-01
8.964724699964647936e-01
8.964739014556558638e-01
8.964788929914335736e-01
8.964808651532715222e-01
8.964843530206542122e-01
8.964853876058965776e-01
8.964887250302421284e-01
8.964928765327531135e-01
8.964950304560934669e-01
8.964976748146545882e-01
8.964988883669977593e-01
8.964985781331364922e-01
8.965004734982813250e-01
8.965033801998920637e-01
8.965055647245193660e-01
8.965062988029505187e-01
8.965096803332016639e-01
8.965092380022514629e-01
8.965097966164561338e-01
8.965077208315854751e-01
8.965091046087205751e-01
8.965084773691118780e-01
8.965118818456250249e-01
7.098627165694529895e-01
8.134657416742333558e-01
8.515553588423765419e-01
8.760172875356131428e-01
8.858618014366896887e-01
8.898650752027542632e-01
8.917956970432878716e-01
8.929232872029718715e-01
8.936506705771435355e-01
8.941404857886825486e-01
8.944927020921115135e-01
8.947610450447708308e-01
8.949680798666358461e-01
8.951286255081163379e-01
8.952745101796475424e-01
8.954176255523087491e-01
8.955292829087315720e-01
8.956098581873981335e-01
8.956751858360345597e-01
8.957411887539142858e-01
8.957978853259197516e-01
8.958378317449333661e-01
8.959011998905950236e-01
8.959479526740772304e-01
8.959910924296037305e-01
8.960309712397375170e-01
8.960662375259099699e-01
8.960956264473429744e-01
8.961329950989064264e-01
8.961531827363368174e-01
8.961686010468469243e-01
8.961831703878111455e-01
8.961953434893482617e-01
8.962059295841420248e-01
8.962247587004634752e-01
8.962366525384263261e-01
8.962526841470731531e-01
8.962693991685574124e-01
8.962736624016889309e-01
8.962813348877750608e-01
8.962844282519508710e-01
8.962947550331149538e-01
8.963012027272648785e-01
8.963104241905464065e-01
8.963276861888822555e-01
8.963404480869238133e-01
8.963423234742033952e-01
8.963549724448762746e-01
8.963587980428282531e-01
8.963728466596403432e-01
8.963821125376189025e-01
7.098627165694529895e-01
7.820745611532080588e-01
8.238331808773857734e-01
8.523216003388128792e-01
8.697272922129645201e-01
8.792255089820850689e-01
8.843302083949942105e-01
8.873179137090660973e-01
8.891687727157944199e-01
8.904202516732629968e-01
8.912857954023974960e-01
8.919815852487186225e-01
8.925253372376609207e-01
8.929595809003407769e-01
8.933269483263635014e-01
8.936156488368658390e-01
8.938775885014373923e-01
8.941035656514723096e-01
8.942870805717142435e-01
8.944475822221787942e-01
8.945785345092100993e-01
8.947118115713449393e-01
8.948250157545561967e-01
8.949298769048186220e-01
8.950117081631440152e-01
8.950803475924977715e-01
8.951607482231139779e-01
8.952485392658230401e-01
8.953187260903339162e-01
8.953882338887846348e-01
8.954519335483457354e-01
8.955020317318851397e-01
8.955485594792331749e-01
8.955900683192561385e-01
8.956234142691403832e-01
8.956495126061330136e-01
8.956868005244860154e-01
8.957238936836757759e-01
8.957593776244199280e-01
8.957785749204492109e-01
8.957999235825552242e-01
8.958267443687872866e-01
8.958504982359094537e-01
8.958838388197383207e-01
8.959102300373305017e-01
8.959317400834836409e-01
8.959582661995041386e-01
8.959772048925301879e-01
8.959967957774411795e-01
8.960185976101116001e-01
8.960417780443382663e-01
